00000000
01010000
00000000
10010011
00000000
01010000
00000001
00010011
00000000
10100000
00000001
10010011
00000000
00000000
00000000
00010011
00000000
00000000
00000000
00010011
00000000
00100000
10001000
01100011
00000000
00010000
00000010
00010011
00000000
00000000
00000000
00010011
00000000
00000000
00000000
00010011
00000000
00110000
10001000
01100011
00000110
00110000
00000010
10010011
00000110
00110000
00000011
00010011
00000110
00110000
00000011
10010011
00000000
00100000
10000100
00110011
11111111
11111111
11111111
11111111